PERFIL PONTA MOD
     1.000000    0.007293
     0.994407    0.008441
     0.988383    0.009656
     0.981879    0.010957
     0.974982    0.012313
     0.967817    0.013703
     0.960490    0.015111
     0.953062    0.016501
     0.945579    0.017887
     0.938061    0.019248
     0.930523    0.020597
     0.922973    0.021919
     0.915415    0.023224
     0.907853    0.024508
     0.900284    0.025764
     0.892712    0.027000
     0.885138    0.028217
     0.877561    0.029410
     0.869979    0.030576
     0.862392    0.031714
     0.854806    0.032840
     0.847221    0.033939
     0.839635    0.035016
     0.832050    0.036064
     0.824463    0.037105
     0.816864    0.038106
     0.809259    0.039091
     0.801652    0.040062
     0.794040    0.041000
     0.786425    0.041922
     0.778805    0.042815
     0.771182    0.043691
     0.763557    0.044542
     0.755928    0.045371
     0.748296    0.046174
     0.740663    0.046962
     0.733028    0.047722
     0.725390    0.048461
     0.717750    0.049176
     0.710107    0.049868
     0.702462    0.050539
     0.694815    0.051190
     0.687167    0.051817
     0.679516    0.052420
     0.671863    0.052999
     0.664209    0.053562
     0.656554    0.054102
     0.648896    0.054613
     0.641236    0.055105
     0.633575    0.055580
     0.625914    0.056028
     0.618251    0.056456
     0.610587    0.056861
     0.602922    0.057245
     0.595255    0.057605
     0.587587    0.057941
     0.579916    0.058259
     0.572245    0.058556
     0.564574    0.058830
     0.556903    0.059085
     0.549231    0.059315
     0.541558    0.059523
     0.533884    0.059712
     0.526210    0.059877
     0.518535    0.060020
     0.510860    0.060146
     0.503186    0.060246
     0.495510    0.060325
     0.487834    0.060387
     0.480157    0.060425
     0.472480    0.060447
     0.464802    0.060443
     0.457123    0.060417
     0.449442    0.060374
     0.441763    0.060314
     0.434084    0.060231
     0.426405    0.060126
     0.418725    0.060002
     0.411045    0.059857
     0.403364    0.059695
     0.395684    0.059514
     0.388004    0.059312
     0.380322    0.059089
     0.372640    0.058854
     0.364960    0.058600
     0.357279    0.058325
     0.349598    0.058034
     0.341916    0.057723
     0.334233    0.057398
     0.326551    0.057061
     0.318872    0.056704
     0.311194    0.056337
     0.303518    0.055949
     0.295842    0.055547
     0.288166    0.055142
     0.280487    0.054717
     0.272806    0.054280
     0.265124    0.053831
     0.257442    0.053374
     0.249760    0.052898
     0.242079    0.052370
     0.234404    0.051802
     0.226718    0.051202
     0.219126    0.050580
     0.211408    0.049915
     0.203649    0.049213
     0.196151    0.048505
     0.188484    0.047747
     0.180895    0.046962
     0.173305    0.046140
     0.165738    0.045280
     0.158181    0.044384
     0.150640    0.043454
     0.143113    0.042484
     0.135603    0.041479
     0.128109    0.040430
     0.120636    0.039339
     0.113182    0.038205
     0.105749    0.037024
     0.098344    0.035793
     0.090968    0.034507
     0.083624    0.033164
     0.076320    0.031757
     0.069071    0.030282
     0.061895    0.028726
     0.054812    0.027094
     0.047857    0.025373
     0.041080    0.023556
     0.034548    0.021638
     0.028343    0.019632
     0.022567    0.017539
     0.017318    0.015340
     0.012685    0.013004
     0.008737    0.010481
     0.005485    0.007751
     0.002880    0.004919
     0.000975    0.001986
    -0.000057   -0.001083
     0.000289   -0.004158
     0.001369   -0.007072
     0.003204   -0.009787
     0.005709   -0.012341
     0.008912   -0.014687
     0.012744   -0.016926
     0.017214   -0.019053
     0.022306   -0.021064
     0.027940   -0.023017
     0.034049   -0.024852
     0.040530   -0.026603
     0.047291   -0.028242
     0.054265   -0.029759
     0.061388   -0.031196
     0.068618   -0.032538
     0.075930   -0.033790
     0.083301   -0.034977
     0.090717   -0.036090
     0.098168   -0.037149
     0.105643   -0.038156
     0.113140   -0.039103
     0.120654   -0.039999
     0.128182   -0.040853
     0.135721   -0.041662
     0.143270   -0.042421
     0.150829   -0.043144
     0.158394   -0.043827
     0.165966   -0.044462
     0.173544   -0.045065
     0.181130   -0.045625
     0.188721   -0.046153
     0.196317   -0.046645
     0.203917   -0.047102
     0.211522   -0.047526
     0.219131   -0.047915
     0.226745   -0.048274
     0.234362   -0.048603
     0.241984   -0.048905
     0.249607   -0.049175
     0.257234   -0.049420
     0.264863   -0.049635
     0.272495   -0.049825
     0.280128   -0.049992
     0.287762   -0.050127
     0.295401   -0.050240
     0.303039   -0.050329
     0.310678   -0.050396
     0.318315   -0.050439
     0.325954   -0.050449
     0.333593   -0.050442
     0.341232   -0.050411
     0.348868   -0.050352
     0.356505   -0.050267
     0.364140   -0.050159
     0.371774   -0.050025
     0.379406   -0.049863
     0.387037   -0.049677
     0.394665   -0.049462
     0.402290   -0.049216
     0.409914   -0.048945
     0.417534   -0.048647
     0.425151   -0.048317
     0.432762   -0.047949
     0.440373   -0.047554
     0.447980   -0.047128
     0.455583   -0.046667
     0.463182   -0.046174
     0.470776   -0.045646
     0.478366   -0.045079
     0.485952   -0.044481
     0.493532   -0.043840
     0.501109   -0.043164
     0.508684   -0.042454
     0.516252   -0.041704
     0.523816   -0.040916
     0.531375   -0.040086
     0.538930   -0.039226
     0.546479   -0.038319
     0.554024   -0.037377
     0.561566   -0.036394
     0.569105   -0.035372
     0.576641   -0.034315
     0.584177   -0.033231
     0.591705   -0.032100
     0.599232   -0.030944
     0.606753   -0.029759
     0.614261   -0.028547
     0.621752   -0.027311
     0.629216   -0.026035
     0.636672   -0.024774
     0.644122   -0.023467
     0.651588   -0.022163
     0.659069   -0.020834
     0.666563   -0.019481
     0.674075   -0.018139
     0.681599   -0.016791
     0.689127   -0.015440
     0.696653   -0.014096
     0.704168   -0.012752
     0.711671   -0.011436
     0.719163   -0.010155
     0.726643   -0.008869
     0.734134   -0.007632
     0.741637   -0.006414
     0.749145   -0.005225
     0.756659   -0.004087
     0.764174   -0.002979
     0.771690   -0.001917
     0.779207   -0.000905
     0.786723    0.000062
     0.794241    0.000972
     0.801759    0.001835
     0.809280    0.002633
     0.816804    0.003383
     0.824331    0.004068
     0.831861    0.004705
     0.839392    0.005278
     0.846927    0.005788
     0.854466    0.006238
     0.862012    0.006632
     0.869561    0.006973
     0.877112    0.007255
     0.884667    0.007477
     0.892225    0.007641
     0.899788    0.007755
     0.907355    0.007812
     0.914926    0.007819
     0.922499    0.007783
     0.930070    0.007692
     0.937637    0.007556
     0.945193    0.007378
     0.952721    0.007155
     0.960198    0.006891
     0.967580    0.006594
     0.974796    0.006260
     0.981740    0.005912
     0.988293    0.005549
     0.994360    0.005188
     1.000000    0.004828
