F100MOD to 13.5 %
    1.000000      0.2800000E-03
   0.9966310      0.5120000E-03
   0.9943440      0.7940000E-03
   0.9916510      0.1127000E-02
   0.9885570      0.1508000E-02
   0.9850620      0.1940000E-02
   0.9811710      0.2420000E-02
   0.9768850      0.2949000E-02
   0.9722080      0.3527000E-02
   0.9671450      0.4152000E-02
   0.9616980      0.4824000E-02
   0.9558730      0.5543000E-02
   0.9496740      0.6308000E-02
   0.9431060      0.7119000E-02
   0.9361730      0.7975000E-02
   0.9288830      0.8875000E-02
   0.9212400      0.9819000E-02
   0.9132510      0.1080700E-01
   0.9049220      0.1183700E-01
   0.8962590      0.1291100E-01
   0.8872700      0.1402800E-01
   0.8779610      0.1518700E-01
   0.8683410      0.1639000E-01
   0.8584170      0.1763700E-01
   0.8481960      0.1892700E-01
   0.8376880      0.2026100E-01
   0.8269000      0.2163800E-01
   0.8158410      0.2305900E-01
   0.8045200      0.2452800E-01
   0.7929470      0.2604400E-01
   0.7811320      0.2760700E-01
   0.7690830      0.2921600E-01
   0.7568110      0.3087600E-01
   0.7443270      0.3258800E-01
   0.7316410      0.3435400E-01
   0.7187630      0.3617300E-01
   0.7057020      0.3803900E-01
   0.6924690      0.3994500E-01
   0.6790730      0.4187700E-01
   0.6655200      0.4380600E-01
   0.6518210      0.4572100E-01
   0.6379850      0.4761100E-01
   0.6240220      0.4945500E-01
   0.6099400      0.5123400E-01
   0.5957520      0.5294200E-01
   0.5814680      0.5457500E-01
   0.5671000      0.5613100E-01
   0.5526600      0.5760300E-01
   0.5381580      0.5898600E-01
   0.5236080      0.6027100E-01
   0.4944060      0.6252300E-01
   0.4797780      0.6348100E-01
   0.4651500      0.6432100E-01
   0.4505320      0.6503800E-01
   0.4359380      0.6562800E-01
   0.4213790      0.6608800E-01
   0.4068690      0.6641300E-01
   0.3924190      0.6660400E-01
   0.3780420      0.6665900E-01
   0.3637520      0.6658400E-01
   0.3495590      0.6639100E-01
   0.3354760      0.6609000E-01
   0.3215150      0.6569300E-01
   0.3076860      0.6520900E-01
   0.2940020      0.6464900E-01
   0.2804730      0.6402100E-01
   0.2671100      0.6333200E-01
   0.2539230      0.6258500E-01
   0.2409240      0.6178500E-01
   0.2281230      0.6094200E-01
   0.2155270      0.6007600E-01
   0.2031480      0.5921000E-01
   0.1909930      0.5835700E-01
   0.1790720      0.5751300E-01
   0.1673960      0.5667300E-01
   0.1559750      0.5580600E-01
   0.1448230      0.5484600E-01
   0.1339590      0.5369700E-01
   0.1233960      0.5234600E-01
   0.1131430      0.5083700E-01
   0.1032080      0.4919100E-01
   0.9360100E-01  0.4741700E-01
   0.8432700E-01  0.4554700E-01
   0.7539600E-01  0.4358400E-01
   0.6681500E-01  0.4154100E-01
   0.5859900E-01  0.3939900E-01
   0.5075800E-01  0.3716400E-01
   0.4330400E-01  0.3482300E-01
   0.3625200E-01  0.3237500E-01
   0.2961700E-01  0.2980600E-01
   0.2343300E-01  0.2707100E-01
   0.1774100E-01  0.2412300E-01
   0.1264400E-01  0.2083200E-01
   0.8238000E-02  0.1717600E-01
   0.4661000E-02  0.1313400E-01
   0.2105000E-02  0.8752000E-02
    0.000000      0.4191000E-02
   0.6230000E-03 -0.4378000E-02
   0.2440000E-02 -0.8677000E-02
   0.5416000E-02 -0.1278200E-01
   0.9460000E-02 -0.1630600E-01
   0.1426900E-01 -0.1935000E-01
   0.1967300E-01 -0.2202800E-01
   0.2559100E-01 -0.2441000E-01
   0.3195300E-01 -0.2661800E-01
   0.3872700E-01 -0.2870700E-01
   0.4588900E-01 -0.3072500E-01
   0.5341900E-01 -0.3272000E-01
   0.6130400E-01 -0.3471700E-01
   0.6953400E-01 -0.3672200E-01
   0.7810700E-01 -0.3871900E-01
   0.8701900E-01 -0.4068900E-01
   0.9626300E-01 -0.4261200E-01
   0.1058340     -0.4448300E-01
   0.1157230     -0.4629000E-01
   0.1259200     -0.4804000E-01
   0.1364150     -0.4974300E-01
   0.1471970     -0.5140100E-01
   0.1582610     -0.5298600E-01
   0.1696130     -0.5436200E-01
   0.1812300     -0.5564200E-01
   0.1930960     -0.5688500E-01
   0.2051990     -0.5810200E-01
   0.2175300     -0.5929300E-01
   0.2300800     -0.6044900E-01
   0.2428390     -0.6155700E-01
   0.2557970     -0.6260600E-01
   0.2689450     -0.6358900E-01
   0.2822700     -0.6450300E-01
   0.2957630     -0.6534300E-01
   0.3094130     -0.6610100E-01
   0.3232090     -0.6676800E-01
   0.3371390     -0.6733300E-01
   0.3511910     -0.6778700E-01
   0.3653550     -0.6811800E-01
   0.3796190     -0.6831400E-01
   0.3939680     -0.6836600E-01
   0.4083920     -0.6826700E-01
   0.4228770     -0.6801900E-01
   0.4374110     -0.6762400E-01
   0.4519800     -0.6708300E-01
   0.4665720     -0.6640000E-01
   0.4811750     -0.6557800E-01
   0.4957750     -0.6462300E-01
   0.5103610     -0.6353800E-01
   0.5249210     -0.6232700E-01
   0.5394410     -0.6099700E-01
   0.5539100     -0.5955200E-01
   0.5683160     -0.5800100E-01
   0.5826470     -0.5635000E-01
   0.5968920     -0.5460400E-01
   0.6110400     -0.5276700E-01
   0.6250770     -0.5084100E-01
   0.6389930     -0.4883400E-01
   0.6527790     -0.4676000E-01
   0.6664240     -0.4464100E-01
   0.6799200     -0.4248800E-01
   0.6932560     -0.4030500E-01
   0.7064240     -0.3811500E-01
   0.7194150     -0.3593700E-01
   0.7322200     -0.3377900E-01
   0.7448300     -0.3163900E-01
   0.7572320     -0.2952300E-01
   0.7694200     -0.2743600E-01
   0.7813840     -0.2538400E-01
   0.7931150     -0.2338100E-01
   0.8046090     -0.2145300E-01
   0.8158610     -0.1962800E-01
   0.8268630     -0.1792900E-01
   0.8376090     -0.1637700E-01
   0.8480890     -0.1497600E-01
   0.8582930     -0.1370700E-01
   0.8682090     -0.1255000E-01
   0.8778270     -0.1148800E-01
   0.8871370     -0.1050600E-01
   0.8961310     -0.9590000E-02
   0.9048000     -0.8731000E-02
   0.9131360     -0.7926000E-02
   0.9211340     -0.7169000E-02
   0.9287860     -0.6456000E-02
   0.9360860     -0.5785000E-02
   0.9430280     -0.5152000E-02
   0.9496050     -0.4557000E-02
   0.9558130     -0.3998000E-02
   0.9616470     -0.3476000E-02
   0.9671020     -0.2992000E-02
   0.9721740     -0.2544000E-02
   0.9768580     -0.2133000E-02
   0.9811510     -0.1760000E-02
   0.9850490     -0.1422000E-02
   0.9885500     -0.1121000E-02
   0.9916500     -0.8560000E-03
   0.9943470     -0.6260000E-03
   0.9966390     -0.4320000E-03
    1.000000     -0.2730000E-03
